124 4.71
135 4.77
159 3.44
191 4.85
260 2.74
291 2.77
302 3.89
307 2.38
312 2.73
322 2.60
324 3.30
327 3.77
328 3.74
333 3.24
334 3.60
342 2.44
350 3.44
356 3.41
394 3.29
405 2.11
479 4.71
484 4.30
493 4.25
505 4.12
513 3.37
525 4.80
533 3.33
574 2.31
587 3.44
592 3.49
603 4.35
608 4.12
611 4.21
654 4.07
659 4.08
682 3.51
769 2.21
770 3.46
805 3.85
809 3.30
830 0.50
855 4.92
878 2.94
902 4.36
914 2.73
945 4.61
978 3.40
1003 2.23
1020 3.71
1042 2.70
1101 3.28
1129 3.90
1159 4.29
1212 3.24
1284 3.23
1313 3.21
1444 3.04
1452 2.00
1553 2.94
1581 0.50
1669 1.00
