4 2.75
5 3.08
6 3.06
7 3.04
8 3.26
9 3.84
10 3.56
14 4.08
15 4.35
18 3.16
19 3.96
20 2.62
22 3.86
23 3.67
28 3.58
30 4.25
31 4.37
34 2.98
35 1.62
36 1.56
37 2.46
43 3.12
44 3.75
45 4.04
46 2.94
47 3.85
51 4.00
52 3.60
54 3.03
55 3.95
56 4.04
57 3.66
58 3.80
59 2.19
60 3.40
61 3.55
64 2.05
65 3.28
74 3.06
76 3.23
77 3.23
78 2.96
86 2.94
87 3.95
93 4.61
97 4.11
98 3.73
100 4.29
106 2.25
107 4.58
113 4.04
124 4.71
125 3.30
126 4.22
127 2.81
129 3.84
131 3.38
132 3.33
133 3.79
134 4.42
135 4.77
136 4.17
137 3.49
146 3.00
149 3.03
150 4.60
157 4.63
160 3.44
162 3.50
165 3.59
166 4.24
170 4.92
172 3.94
178 4.83
180 3.37
182 3.83
187 3.01
188 4.64
190 3.77
191 4.85
192 4.11
193 4.04
196 2.52
197 4.22
199 4.70
205 4.02
207 3.52
209 2.55
212 4.05
213 4.38
214 4.41
215 3.95
221 3.58
223 4.54
224 4.36
236 4.17
237 4.21
239 4.17
244 3.47
245 2.76
246 3.35
253 3.10
258 4.20
262 3.30
268 3.12
270 4.14
272 3.88
275 4.11
276 3.21
277 4.78
278 4.09
279 3.46
280 3.65
282 3.91
283 4.56
285 4.13
286 3.29
287 3.88
289 2.52
292 3.67
293 2.71
296 2.81
297 3.80
299 3.02
303 4.31
305 3.96
306 3.99
308 3.81
310 4.06
311 3.19
312 2.73
313 4.63
315 4.72
316 4.40
317 3.88
318 3.62
325 1.56
326 4.04
327 3.77
329 3.81
330 2.67
332 3.46
337 3.33
339 3.13
340 3.31
344 3.69
345 3.37
346 4.10
347 4.44
348 4.05
356 3.41
357 4.39
365 3.37
366 4.38
370 2.26
371 2.21
375 1.67
378 3.14
382 3.00
387 2.33
392 4.18
403 3.56
409 2.83
416 3.31
417 2.54
421 4.19
423 4.80
427 4.53
429 2.76
454 3.84
457 2.79
458 3.25
459 4.69
460 3.33
461 3.62
462 4.17
464 3.34
467 3.59
468 4.10
469 3.52
471 4.11
475 3.50
481 4.29
483 4.95
492 3.51
496 4.44
499 3.38
503 4.02
504 3.75
506 4.02
507 4.03
508 3.54
509 3.76
510 4.41
512 3.95
515 4.38
517 4.84
518 3.57
521 3.35
522 4.11
523 4.33
526 4.14
527 3.74
528 4.17
529 2.90
531 3.77
534 3.41
536 4.31
537 4.00
543 3.44
544 2.08
549 3.83
553 4.08
555 2.09
557 3.29
558 2.33
559 2.71
561 1.98
569 2.75
581 3.41
582 3.65
584 4.12
587 3.44
591 4.12
594 2.66
598 2.31
606 4.18
612 4.63
614 4.58
617 3.80
618 4.08
619 3.46
620 2.34
626 2.62
627 3.12
628 3.18
631 3.85
632 3.96
633 3.60
638 3.69
639 4.39
640 2.74
641 3.91
642 4.44
643 2.88
647 3.05
649 3.26
650 3.62
651 4.47
652 4.51
655 3.75
658 3.54
660 3.10
662 4.61
664 3.10
676 4.08
678 3.20
686 3.69
690 3.48
692 3.29
693 3.50
695 2.76
696 2.83
697 4.64
698 2.94
699 4.21
703 4.19
704 3.10
707 4.19
708 3.40
711 2.00
712 2.95
713 3.28
714 2.83
715 4.27
716 3.45
717 3.22
720 3.81
723 3.90
724 3.97
726 2.04
727 3.27
729 3.69
730 4.17
731 3.53
733 2.98
735 4.13
736 2.83
737 2.51
740 4.11
741 2.58
742 4.07
744 4.06
750 3.42
753 4.00
762 3.13
772 4.06
775 2.84
776 3.19
778 2.90
782 2.48
784 0.75
787 4.12
789 4.47
794 4.12
799 2.62
803 2.88
806 3.44
807 2.45
808 2.47
809 3.30
815 3.33
817 1.75
822 2.62
832 3.41
837 4.68
840 1.86
842 3.46
846 2.56
847 3.58
851 3.19
852 0.50
855 4.92
856 4.39
863 3.63
865 3.75
867 3.71
868 3.41
874 3.40
875 3.12
880 2.58
882 3.46
883 3.27
887 3.98
888 4.29
891 2.31
896 3.51
898 2.67
899 3.84
900 3.02
903 3.46
904 2.43
905 3.24
906 1.91
909 3.38
910 2.00
911 2.19
914 2.73
915 4.19
917 3.65
920 2.19
921 3.46
923 4.02
924 3.35
927 3.26
928 1.98
933 2.25
934 2.28
935 2.88
936 4.36
937 3.60
939 3.17
941 2.75
942 3.60
944 2.80
949 3.98
950 2.70
953 3.75
955 2.51
956 2.61
958 2.65
960 3.98
961 3.74
962 3.38
963 4.88
964 3.72
967 3.25
972 3.49
974 3.96
979 3.65
980 3.54
981 2.29
985 2.69
990 2.87
994 1.93
1004 3.27
1005 3.46
1006 1.64
1008 3.60
1009 4.62
1010 3.38
1012 4.16
1015 3.81
1017 3.67
1018 2.92
1021 4.55
1025 3.27
1026 2.94
1039 4.34
1044 2.41
1045 3.67
1050 4.61
1053 3.77
1055 3.54
1058 3.50
1061 2.70
1062 3.79
1063 2.35
1068 3.88
1069 2.52
1074 3.87
1075 3.00
1082 2.88
1085 4.23
1086 1.82
1097 4.38
1099 3.44
1100 2.84
1101 3.28
1103 4.22
1104 2.06
1106 2.62
1107 3.73
1108 2.19
1109 3.63
1111 3.56
1112 2.95
1113 3.94
1115 3.60
1117 2.58
1119 3.13
1121 3.83
1122 2.50
1123 3.38
1126 2.15
1127 3.85
1129 3.90
1132 2.50
1134 4.54
1135 3.27
1136 2.97
1137 3.21
1138 2.69
1144 2.88
1145 2.84
1146 1.38
1147 3.48
1148 3.52
1149 3.81
1150 3.83
1153 2.98
1156 1.50
1158 3.38
1160 3.72
1161 2.99
1163 2.29
1165 1.98
1168 3.61
1169 4.28
1170 2.73
1171 4.25
1173 2.54
1174 3.17
1176 4.50
1186 2.75
1189 4.38
1191 3.38
1192 2.65
1193 3.93
1194 4.14
1195 3.66
1196 2.38
1197 4.27
1200 3.79
1204 4.39
1205 3.42
1208 2.25
1211 3.38
1212 3.24
1213 2.25
1214 1.44
1220 3.04
1221 3.52
1223 3.00
1224 3.27
1226 3.21
1227 2.77
1229 2.54
1231 2.12
1233 2.26
1236 1.50
1237 4.21
1238 2.50
1241 3.21
1252 3.42
1255 2.97
1256 1.38
1257 1.56
1260 2.50
1261 2.25
1263 3.29
1264 3.28
1265 2.06
1266 3.15
1267 2.96
1268 4.03
1272 1.72
1273 2.41
1276 1.35
1278 4.80
1281 3.26
1282 2.88
1284 3.23
1285 3.27
1290 1.25
1295 2.93
1296 3.06
1297 3.57
1299 3.41
1300 2.65
1306 1.75
1308 0.75
1309 0.50
1310 1.50
1311 2.36
1312 2.79
1315 3.35
1316 1.90
1317 1.56
1319 1.44
1320 0.50
1323 2.62
1324 2.41
1325 0.50
1326 3.74
1327 2.62
1328 2.56
1329 0.50
1330 2.69
1332 1.75
1333 3.34
1334 0.75
1335 2.82
1338 2.94
1339 0.50
1341 0.50
1342 2.25
1343 0.50
1344 3.97
1345 1.75
1346 2.41
1347 2.69
1348 0.50
1350 1.00
1352 0.50
1354 0.75
1355 3.41
1359 0.75
1365 1.25
1366 0.50
1368 3.33
1369 3.19
1370 2.88
1375 4.17
1380 2.46
1381 3.42
1382 1.56
1384 1.88
1388 3.21
1389 3.38
1391 2.38
1392 1.97
1395 3.36
1396 4.00
1397 3.06
1398 3.25
1400 3.88
1401 2.72
1402 3.31
1403 2.62
1405 3.74
1406 3.19
1410 2.25
1417 1.75
1418 3.25
1421 3.50
1423 1.56
1424 2.12
1425 2.08
1426 2.54
1427 2.62
1429 2.69
1430 2.38
1432 0.88
1433 1.25
1436 1.75
1438 1.69
1439 2.99
1440 2.84
1441 2.42
1442 2.66
1443 3.75
1445 1.88
1447 1.50
1448 2.88
1449 4.67
1453 1.00
1456 3.78
1457 1.50
1460 1.50
1462 3.54
1464 1.50
1465 1.88
1466 4.08
1467 3.75
1468 3.28
1473 2.33
1475 2.21
1478 2.51
1481 2.50
1483 2.41
1485 3.00
1486 0.50
1488 2.00
1491 1.75
1495 3.06
1505 2.00
1506 3.25
1508 2.38
1512 4.80
1514 2.24
1516 3.12
1517 2.88
1518 3.32
1519 2.50
1524 4.13
1526 2.00
1528 2.00
1530 2.00
1532 1.50
1533 2.00
1535 2.12
1536 2.50
1538 2.62
1539 1.81
1541 2.75
1542 2.00
1543 1.50
1545 2.88
1546 0.50
1551 1.75
1554 2.00
1556 1.75
1557 0.50
1558 2.83
1559 0.50
1561 0.50
1564 0.50
1565 0.50
1566 0.50
1569 0.50
1571 0.50
1572 0.50
1575 0.50
1577 0.50
1578 1.75
1583 0.50
1584 0.50
1586 0.50
1588 1.75
1590 1.75
1591 1.66
1592 3.97
1597 2.66
1599 2.50
1602 2.75
1603 1.50
1607 2.62
1608 2.38
1613 2.00
1614 1.50
1616 2.00
1619 1.50
1623 3.50
1626 0.50
1627 1.50
1628 2.94
1630 1.50
1631 2.75
1633 1.50
1634 1.00
1635 1.50
1636 2.00
1637 1.50
1638 1.50
1639 4.00
1640 1.50
1642 3.50
1643 4.25
1645 2.00
1646 2.50
1647 1.50
1648 1.00
1650 2.00
1651 2.00
1653 2.50
1657 1.50
1658 3.00
1660 1.00
1661 0.50
1662 2.25
1663 1.00
1665 1.00
1666 1.00
1667 1.50
1669 1.00
1671 0.50
1672 1.50
1674 2.00
1675 1.50
1676 1.00
1677 1.50
1678 0.50
1680 1.00
1682 1.50
