2 3.27
3 1.69
5 3.08
11 4.47
12 4.56
17 2.71
21 2.16
23 3.67
28 3.58
31 4.37
33 3.71
38 3.56
43 3.12
44 3.75
53 3.39
54 3.03
55 3.95
68 2.99
77 3.23
79 4.46
90 3.25
96 4.06
98 3.73
100 4.29
106 2.25
117 3.80
118 2.46
128 4.05
129 3.84
135 4.77
144 3.45
145 1.73
147 3.27
156 4.26
159 3.44
164 3.94
176 4.62
183 4.93
185 4.38
195 4.15
198 3.46
206 3.29
218 4.04
223 4.54
226 1.83
244 3.47
245 2.76
252 2.54
260 2.74
264 2.42
265 3.36
270 4.14
273 2.75
281 3.10
288 4.22
291 2.77
295 2.89
298 3.64
300 3.65
302 3.89
307 2.38
311 3.19
315 4.72
322 2.60
323 3.19
325 1.56
328 3.74
329 3.81
331 3.30
332 3.46
333 3.24
336 1.46
337 3.33
348 4.05
349 2.51
350 3.44
355 2.54
356 3.41
358 2.26
359 3.27
361 3.64
370 2.26
402 3.76
406 2.08
408 3.68
426 3.62
466 3.38
479 4.71
480 4.86
489 4.41
490 4.22
505 4.12
513 3.37
546 3.31
550 3.21
558 2.33
565 2.87
566 3.94
568 2.59
571 2.85
572 3.41
573 3.85
574 2.31
581 3.41
583 2.49
591 4.12
592 3.49
595 2.44
597 2.94
603 4.35
607 2.54
608 4.12
615 4.33
619 3.46
636 3.00
649 3.26
653 4.64
654 4.07
656 4.03
657 4.41
659 4.08
665 2.26
670 3.48
673 3.27
678 3.20
682 3.51
684 3.68
685 3.66
689 2.67
691 3.91
696 2.83
717 3.22
741 2.58
742 4.07
743 1.75
748 3.95
751 2.48
752 3.15
754 3.62
758 2.71
761 2.85
770 3.46
771 2.92
773 2.01
788 1.88
800 2.83
802 2.42
823 3.00
825 2.94
827 3.56
830 0.50
831 2.21
834 1.11
839 3.19
841 2.97
848 2.92
852 0.50
855 4.92
860 2.55
879 3.86
886 3.64
895 2.08
902 4.36
912 3.19
914 2.73
916 2.88
917 3.65
925 4.02
930 3.46
931 3.04
939 3.17
943 2.40
945 4.61
963 4.88
974 3.96
975 4.46
976 1.66
978 3.40
979 3.65
982 3.90
983 2.21
984 2.42
986 1.30
987 2.56
992 3.00
1013 1.81
1016 2.54
1019 3.90
1020 3.71
1025 3.27
1038 2.71
1042 2.70
1046 3.17
1069 2.52
1073 4.10
1077 2.59
1083 1.71
1089 2.08
1090 1.70
1105 1.79
1109 3.63
1125 4.25
1131 4.57
1139 1.98
1143 2.95
1174 3.17
1198 3.21
1207 3.66
1208 2.25
1210 2.08
1213 2.25
1217 2.87
1229 2.54
1248 2.98
1253 2.47
1273 2.41
1274 1.71
1275 1.94
1313 3.21
1314 1.42
1324 2.41
1370 2.88
1393 2.58
1399 2.43
1422 2.50
1431 3.84
1451 3.64
1471 1.89
1477 2.00
1491 1.75
1508 2.38
1522 2.41
1526 2.00
1548 0.50
1549 1.25
1553 2.94
1556 1.75
1559 0.50
1579 0.50
1595 1.00
1596 1.00
1598 2.79
1601 0.50
1604 2.00
1621 0.50
1624 1.00
1625 2.00
1651 2.00
1670 1.50
1673 1.50
1679 1.50
