7 3.04
38 3.56
39 3.96
50 4.86
62 3.44
82 4.32
84 2.21
89 3.73
96 4.06
101 3.50
109 4.31
121 4.32
135 4.77
141 3.45
145 1.73
152 4.25
164 3.94
171 2.58
172 3.94
175 4.02
176 4.62
179 4.57
181 4.78
183 4.93
184 3.41
195 4.15
204 4.49
206 3.29
222 2.48
227 3.34
228 4.05
229 2.86
230 2.92
235 1.54
239 4.17
250 2.99
252 2.54
257 4.37
258 4.20
260 2.74
264 2.42
270 4.14
271 2.79
298 3.64
343 2.58
353 1.88
355 2.54
358 2.26
373 2.43
380 3.56
398 1.85
411 2.63
423 4.80
426 3.62
429 2.76
434 3.57
444 2.58
449 2.42
450 1.71
474 4.17
552 2.91
560 2.17
573 3.85
577 1.19
578 3.41
590 2.71
616 3.38
636 3.00
665 2.26
670 3.48
691 3.91
728 3.44
755 3.02
758 2.71
760 3.06
769 2.21
771 2.92
797 3.60
825 2.94
831 2.21
897 1.25
916 2.88
919 4.42
925 4.02
931 3.04
976 1.66
1006 1.64
1110 3.34
1154 2.83
1159 4.29
1210 2.08
1215 1.51
1240 3.54
1274 1.71
1293 4.38
1386 3.17
1411 3.63
1416 2.22
1419 2.80
1472 3.00
1596 1.00
