2 3.27
21 2.16
24 3.12
29 2.03
35 1.62
50 4.86
62 3.44
78 2.96
82 4.32
97 4.11
101 3.50
110 2.60
112 2.11
117 3.80
118 2.46
132 3.33
140 3.13
141 3.45
142 3.16
148 2.44
151 3.97
164 3.94
172 3.94
173 3.32
174 4.95
181 4.78
184 3.41
201 3.83
206 3.29
210 4.45
222 2.48
227 3.34
228 4.05
229 2.86
230 2.92
231 2.60
247 1.47
252 2.54
254 2.48
257 4.37
266 2.45
271 2.79
304 3.02
331 3.30
355 2.54
358 2.26
373 2.43
380 3.56
385 3.00
389 2.81
398 1.85
399 3.73
403 3.56
405 2.11
431 3.33
449 2.42
450 1.71
457 2.79
463 3.71
465 2.65
472 2.69
491 3.27
495 3.63
498 3.96
500 3.97
511 4.98
519 4.02
520 3.42
526 4.14
530 3.90
541 2.24
554 2.88
560 2.17
562 3.29
566 3.94
576 3.19
601 3.56
622 3.34
636 3.00
655 3.75
679 2.69
680 1.73
720 3.81
755 3.02
768 4.06
769 2.21
802 2.42
812 2.91
820 3.42
826 2.17
827 3.56
828 3.23
829 3.49
831 2.21
862 1.54
877 2.92
890 1.54
897 1.25
919 4.42
924 3.35
930 3.46
947 3.42
951 2.50
982 3.90
993 4.19
1013 1.81
1016 2.54
1031 2.00
1033 1.71
1034 3.60
1058 3.50
1060 3.20
1076 2.32
1091 3.22
1105 1.79
1116 3.52
1126 2.15
1133 3.31
1239 1.97
1279 2.69
1293 4.38
1314 1.42
1383 2.77
1411 3.63
1450 2.75
1469 2.17
1480 3.37
1503 3.46
1515 2.00
1523 2.50
1531 3.75
1540 2.15
1555 3.28
1608 2.38
1615 2.23
