17 2.71
84 2.21
101 3.50
123 2.04
183 4.93
184 3.41
185 4.38
200 3.27
201 3.83
208 3.53
217 2.76
219 3.65
234 3.49
288 4.22
307 2.38
343 2.58
351 2.67
353 1.88
379 3.33
396 4.00
406 2.08
413 1.86
424 1.25
436 4.03
437 0.97
438 1.23
439 0.97
440 1.54
441 2.37
442 1.44
443 3.19
444 2.58
445 3.92
446 1.82
447 3.42
448 2.90
452 1.61
453 2.33
551 2.40
559 2.71
561 1.98
563 2.90
564 1.52
565 2.87
567 2.49
569 2.75
573 3.85
590 2.71
616 3.38
635 2.87
637 2.67
665 2.26
666 1.97
667 2.21
668 2.71
669 2.14
670 3.48
671 3.69
672 3.76
674 2.96
675 3.54
681 1.20
682 3.51
706 2.69
767 3.33
774 3.83
777 1.06
784 0.75
788 1.88
800 2.83
816 2.02
834 1.11
839 3.19
853 3.40
854 2.82
858 0.88
859 2.52
860 2.55
861 2.12
885 1.61
895 2.08
928 1.98
1052 2.12
1056 3.30
1157 2.74
1199 2.21
1243 3.54
1371 1.25
1477 2.00
1520 1.50
1573 1.50
1625 2.00
