1 3.56
8 3.26
35 1.62
63 3.75
71 4.48
78 2.96
91 4.56
94 2.21
95 4.30
99 3.42
102 3.67
103 2.71
112 2.11
132 3.33
138 2.80
139 1.89
140 3.13
141 3.45
142 3.16
151 3.97
225 2.00
243 2.41
247 1.47
259 2.66
261 2.92
304 3.02
308 3.81
314 0.97
374 1.54
377 3.18
383 2.98
389 2.81
398 1.85
400 3.38
404 3.84
415 2.04
416 3.31
417 2.54
418 2.90
419 3.71
420 3.60
422 1.76
423 4.80
426 3.62
432 4.74
457 2.79
465 2.65
473 2.88
477 4.14
500 3.97
501 3.76
538 3.90
539 2.83
542 1.43
548 1.42
560 2.17
584 4.12
588 3.70
596 3.00
600 2.00
622 3.34
623 1.88
624 3.58
625 3.63
626 2.62
726 2.04
755 3.02
768 4.06
791 2.67
795 1.94
812 2.91
820 3.42
828 3.23
832 3.41
842 3.46
843 2.47
862 1.54
878 2.94
892 3.08
894 1.10
929 2.33
932 3.31
946 2.25
951 2.50
969 3.70
989 3.00
993 4.19
996 3.31
1003 2.23
1015 3.81
1031 2.00
1032 3.67
1033 1.71
1060 3.20
1063 2.35
1066 3.50
1076 2.32
1078 3.12
1091 3.22
1133 3.31
1164 2.29
1200 3.79
1219 3.67
1279 2.69
1292 1.88
1293 4.38
1336 1.58
1383 2.77
1409 3.75
1412 1.50
1415 3.24
1444 3.04
1469 2.17
1470 1.84
1473 2.33
1480 3.37
1503 3.46
1531 3.75
1540 2.15
1555 3.28
1608 2.38
1615 2.23
