2 3.27
4 2.75
17 2.71
21 2.16
22 3.86
24 3.12
27 3.27
28 3.58
29 2.03
33 3.71
39 3.96
50 4.86
53 3.39
54 3.03
62 3.44
68 2.99
73 4.13
74 3.06
79 4.46
80 3.27
82 4.32
92 3.08
96 4.06
101 3.50
110 2.60
117 3.80
118 2.46
121 4.32
127 2.81
128 4.05
144 3.45
145 1.73
147 3.27
148 2.44
161 4.33
164 3.94
172 3.94
173 3.32
174 4.95
176 4.62
177 4.03
181 4.78
183 4.93
184 3.41
186 3.62
187 3.01
188 4.64
195 4.15
201 3.83
207 3.52
210 4.45
222 2.48
226 1.83
227 3.34
228 4.05
229 2.86
230 2.92
231 2.60
232 3.08
233 3.94
234 3.49
235 1.54
241 4.36
244 3.47
245 2.76
247 1.47
250 2.99
252 2.54
254 2.48
257 4.37
260 2.74
263 2.25
265 3.36
266 2.45
271 2.79
273 2.75
281 3.10
295 2.89
298 3.64
300 3.65
313 4.63
314 0.97
323 3.19
326 4.04
328 3.74
334 3.60
339 3.13
343 2.58
349 2.51
350 3.44
353 1.88
358 2.26
362 2.27
363 1.83
373 2.43
374 1.54
380 3.56
385 3.00
388 3.04
391 1.70
397 2.25
398 1.85
399 3.73
403 3.56
405 2.11
426 3.62
431 3.33
435 3.42
449 2.42
450 1.71
452 1.61
453 2.33
455 2.55
456 1.59
472 2.69
491 3.27
498 3.96
510 4.41
515 4.38
526 4.14
540 1.62
541 2.24
546 3.31
550 3.21
554 2.88
562 3.29
566 3.94
568 2.59
572 3.41
576 3.19
578 3.41
586 1.78
590 2.71
597 2.94
599 0.50
631 3.85
636 3.00
651 4.47
665 2.26
668 2.71
679 2.69
680 1.73
684 3.68
685 3.66
686 3.69
689 2.67
720 3.81
743 1.75
748 3.95
751 2.48
752 3.15
755 3.02
759 2.60
761 2.85
769 2.21
771 2.92
779 2.99
797 3.60
798 2.02
802 2.42
803 2.88
806 3.44
808 2.47
809 3.30
810 2.31
825 2.94
827 3.56
829 3.49
830 0.50
831 2.21
833 3.54
838 3.00
840 1.86
841 2.97
849 3.48
855 4.92
876 3.29
879 3.86
881 3.63
890 1.54
897 1.25
912 3.19
916 2.88
917 3.65
930 3.46
976 1.66
977 3.10
982 3.90
1013 1.81
1016 2.54
1019 3.90
1025 3.27
1027 1.75
1034 3.60
1076 2.32
1087 1.52
1088 1.67
1089 2.08
1105 1.79
1110 3.34
1138 2.69
1139 1.98
1161 2.99
1180 2.40
1181 2.04
1183 1.71
1188 2.25
1215 1.51
1222 2.54
1228 2.04
1231 2.12
1239 1.97
1244 3.09
1250 1.06
1277 4.52
1303 3.24
1304 1.50
1314 1.42
1358 1.75
1362 1.75
1364 0.50
1365 1.25
1372 2.00
1393 2.58
1407 2.29
1413 2.02
1414 1.00
1415 3.24
1416 2.22
1419 2.80
1433 1.25
1478 2.51
1483 2.41
1484 2.62
1491 1.75
1523 2.50
1548 0.50
1552 1.50
1556 1.75
1559 0.50
1586 0.50
1595 1.00
1596 1.00
1597 2.66
1610 1.38
1613 2.00
1615 2.23
1618 0.50
1646 2.50
1657 1.50
1673 1.50
