511
169
488
174
483
485
183
855
170
487
963
480
50
194
191
517
178
1512
1278
525
423
181
277
516
135
432
524
315
124
479
199
459
837
1449
433
81
188
697
653
320
157
612
313
1009
176
662
694
93
1050
945
88
150
614
710
107
1131
179
283
91
12
1021
1134
223
427
1367
1277
705
269
652
966
1024
1176
238
204
71
393
11
651
789
79
975
210
347
642
496
478
919
134
510
657
489
214
316
1204
856
639
1203
357
213
1293
366
515
1189
185
1097
257
31
224
902
241
936
603
15
613
589
1039
251
494
523
615
161
470
82
360
121
648
303
109
536
95
484
100
888
1159
481
425
1169
715
793
1251
1197
156
143
30
1643
1171
152
66
1064
493
1125
1114
166
1085
126
288
490
1103
197
611
114
922
237
699
1237
42
258
749
48
421
703
119
707
993
915
606
392
236
1218
528
730
474
136
1375
239
462
1012
195
270
1194
526
477
735
285
73
1524
591
1070
72
584
505
1394
787
608
836
794
740
192
97
471
275
522
346
468
1269
1073
278
14
645
553
486
1466
659
618
676
654
742
744
96
1600
772
310
709
1084
768
1167
1202
128
732
348
212
228
56
326
113
193
218
45
436
656
1268
177
507
519
503
205
925
1172
506
175
923
1639
537
396
995
51
753
1396
306
960
887
1286
949
609
500
151
1592
724
1344
632
482
19
498
39
974
305
55
512
215
748
87
172
1113
233
973
164
1377
566
1193
154
968
1124
445
1035
785
691
282
641
1007
1019
723
982
1129
538
530
302
1068
272
1400
317
69
287
745
211
1074
22
879
47
631
573
1127
805
354
454
1431
899
9
404
129
115
1121
774
718
182
549
201
1150
116
1149
308
430
1015
661
153
965
720
329
850
297
117
58
617
381
1062
133
547
1098
1200
1456
531
190
327
1053
402
509
501
672
504
1443
1500
1467
44
1409
83
865
655
63
1531
953
961
527
1405
328
1326
399
70
1107
98
89
701
964
1160
867
463
33
419
1020
588
369
969
671
869
729
638
344
26
686
684
408
111
1032
102
292
1219
1017
1045
23
57
685
1207
497
1301
502
1195
582
979
917
280
813
319
219
300
886
1451
361
298
495
881
625
863
1434
1411
1109
256
318
754
1187
650
1071
186
461
426
1168
1115
1008
942
937
845
220
797
420
1034
52
633
334
467
165
1501
844
428
663
221
28
624
255
32
847
518
434
1297
380
1664
403
827
38
601
739
1111
10
1