21 2.16
71 4.48
91 4.56
95 4.30
99 3.42
103 2.71
132 3.33
142 3.16
143 4.26
155 3.01
186 3.62
209 2.55
214 4.41
289 2.52
319 3.65
352 1.20
362 2.27
418 2.90
419 3.71
420 3.60
432 4.74
451 2.78
473 2.88
485 4.94
501 3.76
538 3.90
542 1.43
543 3.44
557 3.29
588 3.70
596 3.00
602 2.81
605 3.46
610 3.25
624 3.58
629 2.02
630 3.22
705 4.52
835 3.33
965 3.81
968 3.92
989 3.00
993 4.19
1037 1.84
1079 1.04
1091 3.22
1110 3.34
1121 3.83
1135 3.27
1153 2.98
1203 4.39
1278 4.80
1286 3.98
1298 3.13
1458 2.00
1459 2.88
