14 4.08
16 2.58
20 2.62
33 3.71
36 1.56
49 2.61
50 4.86
51 4.00
55 3.95
66 4.25
68 2.99
69 3.88
70 3.73
81 4.67
83 3.75
88 4.60
90 3.25
92 3.08
111 3.67
125 3.30
129 3.84
131 3.38
133 3.79
155 3.01
161 4.33
170 4.92
172 3.94
173 3.32
181 4.78
185 4.38
197 4.22
202 2.83
207 3.52
213 4.38
216 2.72
217 2.76
220 3.60
237 4.21
241 4.36
246 3.35
253 3.10
255 3.58
256 3.63
268 3.12
274 2.21
275 4.11
276 3.21
278 4.09
280 3.65
283 4.56
284 2.83
286 3.29
306 3.99
311 3.19
313 4.63
319 3.65
328 3.74
354 3.85
371 2.21
381 3.80
385 3.00
394 3.29
402 3.76
411 2.63
421 4.19
451 2.78
462 4.17
465 2.65
478 4.43
483 4.95
485 4.94
486 4.08
487 4.92
489 4.41
490 4.22
498 3.96
512 3.95
514 3.46
517 4.84
531 3.77
532 2.71
535 2.74
542 1.43
544 2.08
545 1.20
549 3.83
553 4.08
560 2.17
568 2.59
574 2.31
580 3.41
582 3.65
594 2.66
602 2.81
607 2.54
608 4.12
631 3.85
643 2.88
648 4.31
662 4.61
692 3.29
694 4.61
702 3.00
704 3.10
705 4.52
709 4.06
714 2.83
716 3.45
720 3.81
724 3.97
727 3.27
730 4.17
731 3.53
732 4.05
733 2.98
736 2.83
738 3.00
739 3.56
740 4.11
747 3.02
748 3.95
749 4.19
751 2.48
764 3.42
765 3.12
775 2.84
778 2.90
781 3.00
783 2.37
785 3.91
786 1.45
794 4.12
796 3.27
815 3.33
821 2.72
835 3.33
836 4.12
846 2.56
849 3.48
855 4.92
866 3.52
869 3.69
870 2.73
872 3.26
873 2.98
875 3.12
877 2.92
886 3.64
889 3.24
903 3.46
905 3.24
906 1.91
918 3.44
921 3.46
936 4.36
938 3.12
945 4.61
947 3.42
948 1.96
949 3.98
955 2.51
966 4.50
988 2.92
990 2.87
1024 4.50
1028 3.12
1037 1.84
1040 3.13
1041 3.00
1048 2.95
1050 4.61
1072 2.92
1085 4.23
1089 2.08
1096 2.12
1100 2.84
1102 2.85
1115 3.60
1119 3.13
1124 3.92
1129 3.90
1132 2.50
1137 3.21
1152 2.83
1155 3.00
1160 3.72
1173 2.54
1175 2.34
1190 2.70
1203 4.39
1211 3.38
1212 3.24
1216 3.11
1219 3.67
1239 1.97
1258 2.73
1259 1.56
1262 3.41
1269 4.10
1286 3.98
1289 2.11
1290 1.25
1297 3.57
1299 3.41
1300 2.65
1315 3.35
1340 0.50
1353 3.06
1357 2.38
1377 3.94
1379 3.21
1385 2.66
1387 2.12
1394 4.12
1400 3.88
1406 3.19
1424 2.12
1429 2.69
1434 3.63
1436 1.75
1441 2.42
1450 2.75
1458 2.00
1462 3.54
1474 3.25
1483 2.41
1485 3.00
1487 2.53
1493 0.50
1502 1.25
1515 2.00
1521 2.81
1525 2.00
1526 2.00
1545 2.88
1563 0.50
1568 0.50
1580 0.50
1610 1.38
1612 2.44
1617 1.75
1652 1.38
1655 1.00
1656 3.00
1662 2.25
1679 1.50
1680 1.00
