10 3.56
22 3.86
31 4.37
50 4.86
51 4.00
69 3.88
80 3.27
110 2.60
121 4.32
133 3.79
157 4.63
172 3.94
176 4.62
180 3.37
181 4.78
188 4.64
190 3.77
199 4.70
205 4.02
211 3.88
214 4.41
235 1.54
241 4.36
245 2.76
271 2.79
286 3.29
318 3.62
326 4.04
426 3.62
430 3.81
471 4.11
474 4.17
483 4.95
498 3.96
502 3.66
511 4.98
515 4.38
520 3.42
521 3.35
528 4.17
549 3.83
593 3.37
601 3.56
631 3.85
641 3.91
647 3.05
651 4.47
687 1.34
690 3.48
719 1.73
744 4.06
803 2.88
879 3.86
891 2.31
935 2.88
944 2.80
971 3.47
1065 2.71
1124 3.92
1152 2.83
1176 4.50
1185 2.27
1204 4.39
1357 2.38
1423 1.56
1485 3.00
1501 3.59
1529 2.28
1574 0.50
1632 1.50
1663 1.00
