5 3.08
11 4.47
12 4.56
17 2.71
24 3.12
29 2.03
39 3.96
55 3.95
56 4.04
72 4.12
76 3.23
92 3.08
100 4.29
120 1.67
127 2.81
129 3.84
130 2.84
156 4.26
182 3.83
187 3.01
194 4.85
231 2.60
239 4.17
248 3.40
254 2.48
273 2.75
293 2.71
299 3.02
302 3.89
307 2.38
309 3.42
312 2.73
327 3.77
329 3.81
332 3.46
334 3.60
336 1.46
346 4.10
348 4.05
361 3.64
396 4.00
403 3.56
482 3.96
504 3.75
544 2.08
547 3.79
576 3.19
583 2.49
611 4.21
628 3.18
642 4.44
649 3.26
653 4.64
656 4.03
754 3.62
770 3.46
802 2.42
806 3.44
823 3.00
844 3.58
902 4.36
911 2.19
914 2.73
991 3.04
1011 2.12
1064 4.25
1069 2.52
1081 3.25
1083 1.71
1104 2.06
1106 2.62
1122 2.50
1138 2.69
1139 1.98
1143 2.95
1151 2.64
1156 1.50
1187 3.62
1191 3.38
1194 4.14
1198 3.21
1208 2.25
1213 2.25
1226 3.21
1235 2.00
1245 3.15
1277 4.52
1280 2.19
1304 1.50
1390 1.75
1439 2.99
1453 1.00
1462 3.54
1478 2.51
1496 3.16
1505 2.00
1510 1.50
1519 2.50
1534 1.47
1560 2.88
1586 0.50
1598 2.79
1604 2.00
1606 1.00
1610 1.38
1618 0.50
1638 1.50
1647 1.50
1669 1.00
