1 3.56
4 2.75
8 3.26
13 2.67
16 2.58
17 2.71
21 2.16
25 2.59
26 3.69
29 2.03
34 2.98
40 2.08
41 3.45
42 4.21
45 4.04
47 3.85
49 2.61
63 3.75
65 3.28
66 4.25
67 2.99
69 3.88
70 3.73
72 4.12
73 4.13
74 3.06
80 3.27
81 4.67
83 3.75
85 3.25
88 4.60
90 3.25
91 4.56
93 4.61
94 2.21
95 4.30
104 1.97
105 2.74
108 3.39
109 4.31
110 2.60
111 3.67
116 3.81
120 1.67
122 2.16
123 2.04
138 2.80
139 1.89
150 4.60
151 3.97
152 4.25
153 3.81
154 3.92
158 1.48
163 2.99
167 3.12
168 2.12
169 4.98
170 4.92
171 2.58
173 3.32
184 3.41
186 3.62
189 2.90
194 4.85
201 3.83
202 2.83
204 4.49
208 3.53
209 2.55
211 3.88
216 2.72
220 3.60
225 2.00
231 2.60
232 3.08
235 1.54
236 4.17
238 4.49
240 2.81
242 3.41
243 2.41
248 3.40
249 3.31
251 4.33
255 3.58
256 3.63
257 4.37
259 2.66
261 2.92
269 4.52
274 2.21
284 2.83
290 2.03
294 1.69
301 2.04
312 2.73
316 4.40
319 3.65
321 2.92
335 3.08
337 3.33
338 2.88
341 2.44
342 2.44
345 3.37
347 4.44
352 1.20
354 3.85
362 2.27
364 3.48
367 3.41
368 1.59
369 3.70
372 3.22
376 2.88
377 3.18
381 3.80
382 3.00
383 2.98
384 3.15
385 3.00
386 2.84
388 3.04
390 2.63
391 1.70
393 4.47
394 3.29
395 2.31
396 4.00
399 3.73
400 3.38
401 1.29
402 3.76
407 1.65
408 3.68
409 2.83
410 3.02
411 2.63
412 1.91
414 3.46
415 2.04
419 3.71
422 1.76
425 4.28
428 3.58
430 3.81
433 4.67
435 3.42
451 2.78
456 1.59
476 3.06
477 4.14
478 4.43
480 4.86
481 4.29
482 3.96
486 4.08
487 4.92
490 4.22
494 4.33
495 3.63
497 3.66
502 3.66
512 3.95
514 3.46
516 4.78
517 4.84
522 4.11
523 4.33
524 4.72
535 2.74
539 2.83
545 1.20
560 2.17
564 1.52
571 2.85
575 2.34
577 1.19
579 2.46
580 3.41
585 1.69
598 2.31
604 3.21
609 3.97
613 4.35
623 1.88
629 2.02
630 3.22
637 2.67
648 4.31
652 4.51
655 3.75
659 4.08
663 3.58
683 2.75
687 1.34
688 1.83
692 3.29
695 2.76
700 2.96
702 3.00
709 4.06
710 4.58
712 2.95
715 4.27
718 3.83
719 1.73
721 2.56
722 3.46
723 3.90
725 2.56
728 3.44
731 3.53
732 4.05
734 2.92
737 2.51
738 3.00
739 3.56
745 3.88
746 3.26
747 3.02
749 4.19
756 2.98
763 3.31
764 3.42
765 3.12
775 2.84
778 2.90
780 2.35
781 3.00
783 2.37
785 3.91
786 1.45
787 4.12
789 4.47
790 2.26
792 3.23
793 4.27
795 1.94
796 3.27
801 2.88
804 3.21
805 3.85
818 2.50
819 2.42
820 3.42
821 2.72
824 2.71
835 3.33
836 4.12
842 3.46
843 2.47
845 3.60
853 3.40
854 2.82
856 4.39
859 2.52
862 1.54
864 3.42
866 3.52
869 3.69
871 2.00
873 2.98
876 3.29
878 2.94
881 3.63
892 3.08
893 3.44
894 1.10
901 3.26
902 4.36
904 2.43
907 1.75
908 1.99
913 2.25
926 2.54
929 2.33
932 3.31
936 4.36
938 3.12
940 2.35
941 2.75
944 2.80
945 4.61
948 1.96
952 2.85
953 3.75
957 1.75
959 2.52
964 3.72
965 3.81
970 3.08
971 3.47
988 2.92
992 3.00
993 4.19
995 4.00
996 3.31
997 2.98
998 2.50
999 2.12
1000 2.85
1001 2.09
1002 1.88
1003 2.23
1007 3.90
1012 4.16
1014 2.37
1023 2.96
1026 2.94
1028 3.12
1029 3.02
1030 2.38
1032 3.67
1035 3.92
1036 3.44
1037 1.84
1040 3.13
1041 3.00
1043 2.14
1044 2.41
1047 2.09
1048 2.95
1049 2.83
1051 3.24
1052 2.12
1054 2.51
1057 2.16
1059 2.58
1061 2.70
1067 3.04
1070 4.12
1071 3.62
1072 2.92
1074 3.87
1079 1.04
1080 3.00
1092 2.86
1093 1.50
1094 1.67
1095 2.46
1098 3.79
1100 2.84
1102 2.85
1103 4.22
1104 2.06
1110 3.34
1114 4.25
1115 3.60
1118 2.76
1120 3.12
1138 2.69
1140 2.22
1155 3.00
1162 1.28
1165 1.98
1166 3.50
1167 4.05
1170 2.73
1172 4.02
1177 2.99
1178 2.08
1179 1.68
1180 2.40
1181 2.04
1182 2.00
1183 1.71
1185 2.27
1186 2.75
1188 2.25
1190 2.70
1197 4.27
1199 2.21
1202 4.05
1203 4.39
1204 4.39
1206 2.21
1209 2.98
1218 4.17
1219 3.67
1225 2.83
1230 1.46
1234 2.84
1237 4.21
1241 3.21
1242 1.53
1246 1.06
1249 2.75
1251 4.27
1254 2.08
1258 2.73
1259 1.56
1269 4.10
1270 2.88
1271 3.01
1272 1.72
1283 3.44
1286 3.98
1287 1.25
1288 3.50
1291 1.48
1295 2.93
1296 3.06
1298 3.13
1301 3.66
1302 2.84
1305 1.98
1308 0.75
1311 2.36
1312 2.79
1321 1.50
1322 2.33
1333 3.34
1336 1.58
1337 2.80
1339 0.50
1349 0.50
1351 1.88
1356 2.25
1360 1.25
1361 2.88
1371 1.25
1374 0.75
1376 1.96
1377 3.94
1385 2.66
1403 2.62
1404 2.58
1408 0.88
1420 1.00
1424 2.12
1425 2.08
1426 2.54
1428 3.33
1435 2.52
1437 2.30
1444 3.04
1446 3.33
1452 2.00
1456 3.78
1457 1.50
1458 2.00
1460 1.50
1461 1.00
1463 2.88
1465 1.88
1472 3.00
1474 3.25
1475 2.21
1479 3.29
1480 3.37
1484 2.62
1487 2.53
1489 1.84
1490 2.75
1492 2.00
1494 0.50
1496 3.16
1498 2.00
1499 2.62
1500 3.75
1502 1.25
1504 3.00
1507 1.50
1509 2.03
1511 3.31
1513 1.75
1521 2.81
1525 2.00
1527 2.11
1534 1.47
1537 3.50
1544 1.88
1550 2.25
1557 0.50
1567 0.50
1568 0.50
1569 0.50
1570 0.50
1588 1.75
1589 3.19
1593 2.00
1600 4.06
1605 3.50
1609 1.88
1611 2.25
1614 1.50
1620 2.17
1622 1.75
1626 0.50
1627 1.50
1631 2.75
1633 1.50
1644 1.25
1647 1.50
1649 1.50
1654 0.50
1655 1.00
1656 3.00
1659 0.50
1664 3.56
1668 1.50
1670 1.50
1681 1.50
